 0.0
 0.3
 0.4
 0.6
 0.9
 1.0
 1.0
 1.1
 1.1
 1.1
 1.2
 1.7
 2.2
 2.8
 3.1
 3.2
 3.2
 3.2
 3.2
 3.1
 3.7
 4.1
 4.1
 4.1
 4.1
 4.1
 4.1
 4.2
 4.2
 4.2
 4.2
 4.2
 4.2
 4.2
 4.2
 4.2
 4.2
 4.2
 4.2
 4.2
 4.2
 4.2
 4.2
 4.2
 4.2
 4.2
 4.5
 4.5
 4.5
 4.5
 4.5
 4.5
 4.5
 4.5
 4.5
 4.5
 4.5
 4.5
 4.5
 4.5
 4.5
 4.5
 4.5
 4.5
 4.5
 4.5
 4.5
 4.5
 4.5
 4.5
 4.5
 4.5
 4.5
 4.5
 4.5
 4.5
 4.5
 4.5
 4.5
 4.5
 4.5
 4.5
 4.5
 4.5
 4.5
 4.5
 4.5
 4.5
 4.5
 4.5
 4.5
 4.5
 4.5
 4.5
 4.5
 4.5
 4.5
 4.5
 4.5
 4.5
 4.5
 4.5
 4.5
 4.5
 4.5
 4.5
 4.5
 4.5
 4.5
 4.5
 4.5
 4.5
 4.5
 4.5
 4.5
 4.5
 4.5
 4.5
 4.5
 4.5
 4.5
 4.5
 4.5
 4.5
 4.5
 4.5
 4.5
 4.5
 4.5
 4.5
 4.5
 4.5
 4.5
 4.5
 4.5
 4.5
 4.5
 4.5
 4.5
 4.5
 4.5
 4.5
 4.5
 4.5
 4.5
 4.5
 4.5
 4.5
 4.5
 4.5
 4.5
 4.5
 4.5
 4.5
 4.5
 4.5
 4.5
 4.5
 4.5
 4.5
 4.5
 4.5
 4.5
 4.5
 4.5
 4.5
 4.5
 4.5
 4.5
 4.5
 4.5
 4.5
 4.5
 4.5
 4.5
 4.5
 4.5
 4.5
 4.5
 4.5
 4.5
 4.5
 4.5
 4.5
 4.5
 4.5
 4.5
 4.5
 4.5
 4.5
 4.5
 4.5
 4.5
 4.5
 4.5
 4.5
 4.5
 4.5
 4.5
 4.5
 4.5
 4.5
 4.5
 4.5
 4.5
 4.5
 4.5
 4.5
 4.5
 4.5
 4.5
 4.5
 4.5
 4.5
 4.5
 4.5
 4.5
 4.5
 4.5
 4.5
 4.5
 4.5
 4.5
 4.5
 4.5
 4.5
 4.5
 4.5
 4.5
 4.5
 4.5
 4.5
 4.5
 4.5
 4.5
 4.5
 4.5
 4.5
 4.5
 4.5
 4.5
 4.5
 4.5
 4.5
 4.5
 4.5
 4.5
 4.5
 4.5
 4.5
 4.5
 4.5
 4.5
 4.5
 4.5
 4.5
 4.5
 4.5
 4.5
 4.5
 4.5
 4.5
 4.5
 4.5
 4.5
 4.5
 4.5
 4.5
 4.5
 4.5
 4.5
 4.5
 4.5
 4.5
 4.5
 4.5
 4.5
 4.5
 4.5
 4.5
 4.5
 4.5
 4.5
 4.5
 4.5
 4.5
 4.5
 4.5
 4.5
 4.5
 4.5
 4.5
 4.5
 4.5
 4.5
 4.5
 4.5
 4.5
 4.5
 4.5
 4.5
 4.5
 4.5
 4.5
 4.5
 4.5
 4.5
 4.5
 4.5
 4.5
 4.5
 4.5
 4.5
 4.5
 4.5
 4.5
 4.5
 4.5
 4.5
 4.5
 4.5
 4.5
 4.5
 4.5
 4.5
 4.5
 4.5
 4.5
 4.5
 4.5
 4.5
 4.5
 4.5
 4.5
 4.5
 4.5
 4.5
 4.5
 4.5
 4.5
 4.5
 4.5
 4.5
 4.5
 4.5
 4.5
 4.5
 4.5
 4.5
 4.5
 4.5
 4.5
 4.5
 4.5
 4.5
 4.5
 4.5
 4.5
 4.5
 4.5
 4.5
 4.5
 4.5
 4.5
 4.5
 4.5
 4.5
 4.5
 4.5
 4.5
 4.5
 4.5
 4.5
 4.5
 4.5
 4.5
 4.5
 4.5
 4.5
 4.5
 4.5
 4.5
 4.5
 4.5
 4.5
 4.5
 4.5
 4.5
 4.5
 4.5
 4.5
 4.5
 4.5
 4.5
 4.5
 4.5
 4.5
 4.5
 4.5
 4.5
 4.5
 4.5
 4.5
 4.5
 4.5
 4.5
 4.5
 4.5
 4.5
 4.5
 4.5
 4.5
 4.5
 4.5
 4.5
 4.5
 4.5
 4.5
 4.5
 4.5
 4.5
 4.5
 4.5
 4.5
 4.5
 4.5
 4.5
 4.5
 4.5
 4.5
 4.5
 4.5
 4.5
 4.5
 4.5
 4.5
 4.5
 4.5
 4.5
 4.5
 4.5
 4.5
 4.5
 4.5
 4.5
 4.5
 4.5
 4.5
 4.5
 4.5
 4.5
 4.5
 4.5
 4.5
 4.5
 4.5
 4.5
 4.5
 4.5
 4.5
 4.5
 4.5
 4.5
 4.5
 4.5
 4.5
 4.5
 4.5
 4.5
 4.5
 4.5
 4.5
 4.5
 4.5
 4.5
 4.5
 4.5
 4.5
 4.5
 4.5
 4.5
 4.5
 4.5
 4.5
 4.5
 4.5
 4.5
 4.5
 4.5
 4.5
 4.5
 4.5
 4.5
 4.5
 4.5
 4.5
 4.5
 4.5
 4.5
 4.5
 4.5
 4.5
 4.5
 4.5
 4.5
 4.5
 4.5
 4.5
 4.5
 4.5
 4.5
 4.5
 4.5
 4.5
 4.5
 4.5
 4.5
 4.5
 4.5
 4.5
 4.5
 4.5
 4.5
 4.5
 4.5
 4.5
 4.5
 4.5
 4.5
 4.5
 4.5
 4.5
 4.5
 4.5
 4.5
 4.5
 4.5
 4.5
 4.5
 4.5
 4.5
 4.5
 4.5
 4.5
 4.5
 4.5
 4.5
 4.5
 4.5
 4.5
 4.5
 4.5
 4.5
 4.5
 4.5
 4.5
 4.5
 4.5
 4.5
 4.5
 4.5
 4.5
 4.5
 4.5
 4.5
 4.5
 4.5
 4.5
 4.5
 4.5
 4.5
 4.5
 4.5
 4.5
 4.5
 4.5
 4.5
 4.5
 4.5
 4.5
 4.5
 4.5
 4.5
 4.5
 4.5
 4.5
 4.5
 4.5
 4.5
 4.5
 4.5
 4.5
 4.5
 4.5
 4.5
 4.5
 4.5
 4.5
 4.5
 4.5
 4.5
 4.5
 4.5
 4.5
 4.5
 4.5
 4.5
 4.5
 4.5
 4.5
 4.5
 4.5
 4.5
 4.5
 4.5
 4.5
 4.5
 4.5
 4.5
 4.5
 4.5
 4.5
 4.5
 4.5
 4.5
 4.5
 4.5
 4.5
 4.5
 4.5
 4.5
 4.5
 4.5
 4.5
 4.5
 4.5
 4.5
 4.5
 4.5
 4.5
 4.5
 4.5
 4.6
 4.6
 4.6
 4.6
 4.6
 4.6
 4.6
 4.6
 4.6
 4.4
 4.5
